1520990
1274928
9658784
8349180
2309623
2605777
2551806
3305447
5346712
8651681
4610611
2532866
2060840
6277477
8183537
258102
9279141
676426
5292566
5767782
1544479
2697778
4798030
1314735
5017252
9681599
7322640
7997489
7647447
1088252
4750010
1019630
1324889
9608419
7397581
3817719
3501428
1604310
4203808
1857179
3974836
1465259
8504180
965043
3296974
2778032
7961782
9530766
1889957
1041264
5877027
1398004
5872413
793322
5414903
4034634
4624139
5418490
8640259
214901
9296301
3744514
8239093
8769639
1898941
1150658
8453822
3239916
5535301
5163209
3507917
7474869
5867680
7513901
1251468
425532
5770902
901596
3708560
6278678
2704595
9185328
1075049
2202505
224927
7458320
9613330
3270914
8349955
2344197
4167845
8651858
3920041
4089648
4387817
2355379
4772403
3630850
4997406
3606951
4238360
9034776
4235033
875683
5191617
7022700
788230
4596942
2741840
368244
5879704
248934
2023793
2411597
3714291
8393374
2889316
6118443
3979242
344086
4449452
8030097
4761776
2629986
9331812
4125470
6514419
6535133
662170
6156179
1984168
2273667
4211273
4372806
943978
147673
3004707
5418865
7322043
8770436
1954862
119221
9136911
1831533
503630
9329071
3463248
2320220
8461795
2298492
2956014
4148892
2378187
1457693
2532663
785123
2551421
2974258
920423
3182592
4496104
8545311
6283363
3154562
586531
831566
3140106
6324260
5499413
5897037
2803526
8115833
3953743
9336282
2558158
6509665
892868
3059212
1411771
9413452
4660668
2245216
3820834
5850036
3200669
3310678
7514993
499074
908368
9598434
5117361
7538927
9539247
3049348
208637
9322300
5791862
6365054
305155
7708200
2141014
5930621
4567643
3969197
8813149
8712769
8084336
2975523
4900506
9518633
601215
5695526
8502257
5225934
9932944
3966395
8714752
784455
7619769
1844256
3624204
472751
2752220
8092892
9385341
6271620
5933116
4406966
9429138
4456692
6227959
4830777
1790172
9352869
3013137
457691
1508685
9950994
3818284
3443935
2317580
2532348
2544810
9429313
7276229
1978383
2163316
279561
6473835
9601644
5928085
1695943
1695672
2815986
8902252
144509
2953483
2110306
1087305
4893337
35201
2835725
8138215
9757932
3700172
2253750
5726084
6999070
3388168
3101284
4508459
5477865
5363192
3279652
5432657
5077499
7504802
4645764
850534
2368030
3995895
1339656
821344
3391093
2771036
6310944
1335632
1679027
6076030
3651293
3866414
1469276
6389284
9172751
4384217
8347881
2701525
782111
1820233
362629
4307679
5628068
8535576
131481
7426640
1040521
7700167
6182529
3544464
537964
5572354
4390440
6178507
6362818
1099447
5764289
2755732
208290
8570194
4447793
1005357
3907296
2185420
6388339
5118274
6335541
3652385
8485958
3905998
5273533
1449547
78588
5857553
8106958
4972970
8392505
7989232
9817480
1695318
758713
676814
5640036
7299887
2162062
5074397
721370
2825664
4411181
621846
9618328
9144927
380572
9702218
4951960
1910029
9781886
9538336
2532160
8375823
5925466
9870041
3028839
3738485
5879791
5392819
3993264
3249945
1195403
5845457
3348616
4099563
6076579
5228102
6278967
4087984
381341
5470250
6140704
7341647
1714056
2775131
6931615
7400170
3650800
6531904
321482
1115088
7304857
9891866
1334742
4086035
7645947
5506257
2184256
2605525
1155235
2402652
9343434
584166
5860228
1797215
5450251
110641
1720491
1658789
96064
282418
1391922
9369554
6111379
1772065
9484828
1842484
2112177
463391
5467124
5055498
2859443
546794
8248990
2401898
2623648
3069114
1460840
2121551
678220
6177618
2573397
1692554
1587155
8665277
9750331
5176090
2170113
3763932
3718538
4206080
706845
5132266
4776879
92613
8715520
8295434
447841
7683517
7354634
6283427
1902376
2432666
1525656
2234387
5755763
727668
2764478
1514350
5419099
3158745
3442805
6425734
226649
8773913
964055
7352855
2185512
9485777
9169635
8000770
9723686
631586
2992794
5690191
752020
361884
7019278
1730157
5245572
3097818
8342868
8212128
4434765
3271852
1609599
4596239
2359683
7331517
6010334
9237799
6390028
8098716
436084
4993883
4332012
9337030
7990809
8369607
955553
1956037
3035389
1707861
5003468
8466422
469818
3532738
4878653
4808373
8101621
5925258
1438105
5786553
7696596
1422552
4209206
6972896
3934836
4369428
2456194
4326490
1616639
6040285
5936066
1271529
9533634
7022221
8021325
3057514
8391552
3128591
5762464
5004374
2014754
4237514
2849257
2054403
3650015
3758178
415519
803253
334709
5846915
501297
6578991
5980372
1525054
703880
3149024
9435782
1935891
2179732
2254674
1328334
9952345
1342055
3126312
7006606
1812926
684167
7309955
773772
8754572
4710068
5979300
4204499
8329852
2393290
5976633
6006635
5462757
1232880
2984676
7527097
9777599
5740379
1993881
5638293
562571
4105131
109772
4877539
3779582
2444752
7479965
3723419
6045102
8221269
6185079
9213694
9495635
6411565
5261888
992325
432251
6526524
1629654
7542312
3224774
919056
9142983
2811932
3393775
4169490
5405976
6168043
6358462
1112437
3929685
3087479
7476825
6976804
6559302
1835849
6459383
1529126
2209404
2638393
2033595
5471071
5724026
3152383
287167
3670554
4566828
5973803
1167515
1808939
1170555
2583799
1928546
1873073
817177
3890336
4824762
9288332
2161425
809659
3911307
4091441
1722215
6445873
9091976
3477120
1201157
1129368
8569216
3451533
4896286
1553730
6119314
7362765
1072399
7628438
9307065
4306698
2600574
4581324
2414945
9034861
2827228
4093275
7418279
6091776
5067034
7276036
438324
1387787
2841944
6120914
4870056
9765053
675546
7467219
7494867
3115409
5610928
5603630
5028025
8934562
9395655
7525726
1503999
4365168
5312737
356726
7539684
4254611
8890281
7606045
4106924
1224902
7642412
2851156
1483668
4175888
3495085
9807155
4981075
4088613
8746502
2116448
2447278
9030126
2648207
2198662
9088525
3486617
4044020
2716090
1276257
9633743
2417602
8814083
7598433
2409260
8227382
7363906
9842200
3504018
4721526
1463033
6116360
5035707
4328476
6427423
1680376
1989640
4784458
1292939
3994061
8100156
2384677
3573770
1076798
1565678
1150522
1730387
9701713
2578580
3935090
3901379
9039409
4336294
4375416
1430849
9346630
2652576
384209
2444134
4102707
2918976
3266682
1507192
6016272
8680799
8216548
4787776
224744
9631723
6379998
5206071
5522820
4030817
9533175
9397643
7664833
9188462
5963806
6058457
5770989
598661
5219282
3088387
2784018
3085201
4835802
3031680
5857382
4821896
998413
9748034
9948923
1831428
1679797
2056551
2246737
3653478
4988568
4187480
2178813
4410600
6289321
2244967
9517733
2707669
1848304
4360463
9821297
4689031
3676944
1653579
1129287
757591
5645831
9365474
1940059
5459114
53618
9513433
9819082
1785466
8757941
1511426
8062275
3055892
6948447
8371360
969501
3424827
8561543
2276410
383796
647509
972081
2802482
5546829
5412916
2893915
9312997
4793031
7535076
3092658
5545135
5431294
8352073
1493863
7019669
1136586
7325161
7446816
6297689
4354654
9693838
6326303
8310796
3900718
2172917
8005870
9928552
1121006
5279796
1819187
8391355
6101441
8134950
2348632
9599782
7356284
6416486
3154137
2250403
3339151
9155590
314690
5995027
6987942
627890
1407532
1205064
1270659
4838379
8072711
9916987
5953728
9471999
1688474
4828693
4352642
2782756
5725177
110453
266510
5182965
5127133
846774
2568762
1982647
310259
5497988
621318
4877929
8387823
5734187
4762518
7306330
3148109
9230370
1611454
5641891
728104
3879146
9519933
4807935
5632577
4865909
8573054
5570268
8060844
6316422
213494
6309223
3163511
261595
5991447
9457420
5141270
1611438
59194
2972011
648891
3527991
5657076
1163408
3710974
1054316
5975648
9917061
5055194
5520585
2610385
1923559
838869
9086515
4249430
5086532
918577
747911
6148367
7546172
2500609
3858877
6345781
8210400
9602501
5837126
1659327
9265060
2757741
3102575
9948980
6964856
814503
2879662
5288028
6079111
2592006
1790705
9269503
3308927
6952944
9768679
5253394
8551769
3287665
5555311
829458
799126
520153
8614089
2374557
4517237
4262702
5224960
2506283
5010018
4504456
3129778
5727093
2297019
5903869
5065378
908918
4410833
4305463
5945036
9129954
7417022
5199305
2428644
835402
1421182
9749830
1991163
617725
325410
4427614
3212900
2744732
5902625
6069794
1201955
1095542
8077232
3242122
4993065
1111654
6094856
8709948
215056
9321874
2251438
3250637
9565934
6989551
8751939
4052047
7667545
5986441
929143
6029765
9691108
277335
4101119
9548109
9285321
3018652
5010552
1281677
4744199
9425916
2863178
1311633
4933578
5826597
8151748
8683606
8685973
3718515
321198
9250134
9565965
1071797
58370
7401851
1692082
830978
8037389
3424124
9550522
3967840
9744302
3137888
1346656
7482211
4045978
5479498
3818941
3874317
3839899
3550144
1774186
4984816
9532294
2122245
4745181
1312828
5479501
5652897
6146320
2247671
5573429
9488818
7466693
3583522
5592144
6102229
967678
9231385
8322438
347397
8171392
6463631
2606520
8802833
8732163
5119035
3308912
4365277
7024543
9694528
4134527
5582690
1007403
7307238
3825713
2821311
5029472
671568
3637985
5535433
5797064
8173973
4635424
2178404
3989292
1981762
4397809
3386097
6932284
6072294
1126120
7294952
9243142
5635563
4374785
157246
1077956
4479950
9092046
8781112
3903413
4148503
2427939
4966298
8341649
2892839
4432265
4586488
2391119
140529
68257
5674186
373968
802662
6380280
6065614
412697
4166594
3455522
3302270
5257974
9171728
3175393
4245660
5441515
9557416
4480306
8681862
3298851
3897837
4624872
6559414
5121712
3580276
6411600
5855608
5787588
1091664
999239
3457877
1588503
9710742
8618709
2787107
5554262
2267800
1606571
4369727
714749
6101993
1085210
2625413
7022937
9764568
3051547
346187
5833177
7687013
6110375
7295238
2659772
4128520
9576911
3905976
9494306
3189878
305719
926998
591881
721691
3254200
4712981
9355153
7699395
6382502
5191543
2921658
8565533
377694
1361173
1509149
3545785
3507207
1716555
3823156
9867315
215174
8532923
399094
7652310
4366189
2225357
455799
5243898
6422359
9528737
5183441
204914
1693341
4210886
8481003
8192441
1825179
5793515
8026181
5477020
3425704
4980102
1280548
472473
5528105
2392842
1289048
1037471
8344392
3015768
5987242
1608886
8358763
7016181
4437503
5033620
9852539
9201180
827312
8058782
1176973
9527164
286656
5395067
5642740
1978673
6425682
6208092
3224938
9253763
4905386
1781305
624928
3721996
3952590
5762993
6980032
8685659
3466569
7458000
8520394
3184610
2115903
528453
5621433
1729065
4251170
1685227
7613115
5431072
8892945
1207440
4598504
973456
3119491
8368154
7624522
8569024
7994605
5003868
3184948
4799195
5804244
7378779
3690812
9671327
5771833
6069174
8068221
586617
1664875
4393239
5561187
5826743
2194983
199313
2793488
8197351
3496576
3724256
1387519
2395046
5124811
4901324
4256663
6472515
1659656
4331814
661368
9384181
3951601
3713543
3879992
9126102
4669366
9244918
8756248
4962861
2738712
2837591
6550918
1927165
9074318
9560866
1025618
6443954
3476514
4466512
8032378
1865099
4799809
4315532
7503300
1481103
5941353
1378270
4569088
842612
7625507
1890246
9062648
4251290
4032372
7371071
8779769
1353542
9754422
4323685
4097404
6467121
5393609
8349825
1318732
5644151
4195538
6133513
7431024
3870212
2048386
7485813
5769865
5958755
2839064
5192032
1812567
1932172
9382403
4758509
7644169
6224423
1103975
904283
8742584
710940
5364836
6501318
1483454
5669860
2843746
8698937
7684790
5198533
6450231
7493890
4214524
9767000
9242132
1923893
108170
5561421
303443
102885
3484258
5047903
3438484
7636315
4296725
8676989
8204846
2686818
3168389
9752800
59212
2703883
3557300
5605602
3027949
6085025
5299076
9101455
7435166
2617604
4273355
8644934
6510309
3365468
6231334
9619147
8679826
7990891
3491418
4593402
1983672
8309247
4574064
7293794
8570180
5507255
5155629
7378386
6043562
6329400
1373111
3010383
7657884
4712610
3805479
4079344
5965900
3429115
1489055
5882148
6272399
4786954
3184715
6323096
985364
7659221
4470544
8322973
3339613
8925873
1107254
1390777
7283176
1577354
2675590
806236
3870251
6222494
3959483
4009638
2355174
1798417
6154884
5651666
3754686
4776427
2966996
4901325
5025820
5359049
6037492
6041489
9789492
5060575
1661745
4365156
3644294
8391476
6090872
4787817
3309176
213438
5962782
9835725
3451829
8748178
804101
9135012
5959161
6979347
9607456
4595350
4169374
979301
8738913
3536648
6005369
9440100
6200400
3861290
8783771
9587275
3062305
934842
2631586
3639741
1065815
759303
4019161
6089879
5838504
2945162
196028
2423887
4385632
165265
5220175
6391438
8248185
5738441
7665112
8385570
9338131
290043
4360195
8399608
7513522
2764312
4713052
1050346
3575244
2234732
1098858
4255445
8681046
846102
4013956
2650787
8721810
9101979
8569922
2378839
842987
4187010
1167281
2776356
8332188
2431656
2274982
3547080
586674
1550348
3791943
2287131
3642302
400681
5776796
8628778
1388531
8806389
8295758
2774639
1090929
7370127
6280154
9065684
1373225
5865668
326102
3891308
1883534
4404228
2134638
9669969
1615966
6374535
9390638
113595
8702246
779256
4676671
487676
6259624
6204909
6551964
546084
8703511
3944352
318693
9507918
5552172
4593582
9315123
4183724
5860169
2678993
1218326
9316331
4949157
5518763
2650254
2169082
8193227
273701
3507326
677105
1859009
5391395
8612268
4968419
3892472
3886955
8352083
5372969
972857
9455168
6352853
5354261
5510095
6505223
9416264
4995919
1796709
3604847
83751
240953
5632828
8195395
716023
1000461
9080961
5846299
8641063
1545067
4609335
9070232
3367856
4108592
9045917
2015730
6549844
9676307
3466159
1567391
415201
3559728
5111208
9745876
94504
4727327
3797956
9454765
3051465
8243988
1306523
9521598
3424633
4985967
6578470
2732573
1250085
8281313
2353534
3102267
7314597
5078420
4570275
5346113
2330015
3284406
7696472
2374307
5293474
4504278
5631337
555850
9657529
682672
8197131
2865480
4888067
1535104
1710345
2447962
2230595
2816976
8338262
354055
8572395
4431006
1678624
3987655
5732086
3206080
9049891
9475148
6339274
841695
588165
4081029
2031457
3514613
9620387
1982174
8336463
4610659
9763095
9402003
3250988
587778
2573747
4459001
6583161
3382995
1572210
3980378
1856588
5639515
1808089
705902
6413042
5294466
1908218
1611707
9955406
7266096
9203010
3537845
824313
5265127
1155940
6287421
2704122
9603428
1118397
2170745
6484411
8393387
3948225
2435650
4503326
3950538
2199736
8213502
8685579
8100036
8234822
5061853
7400319
8055448
9489749
9816068
9703143
8636525
2107331
5136646
1424254
9686270
6399453
3204478
4315040
6346804
3161294
7428807
640245
5179750
4818002
2622457
3371379
3083368
695475
5378921
2007198
6260661
1769886
5895845
4151325
8506758
4452410
55731
5801910
2202769
2164576
5835807
3620918
4146228
7512057
8395282
2706157
1585199
1282549
3028522
5730796
438405
2554415
1865253
6105547
6304683
6987039
3977984
6068640
3823739
2857369
1657985
4795153
2312312
6552322
2116740
1686032
1281453
4947399
2534755
1790971
4677029
1780632
6507954
6039442
9590007
483351
3356323
8069063
9785627
368491
9509794
5087088
5385552
4119621
9372661
2134109
4159391
1349961
8954041
4920610
1227792
1886362
2334504
5718699
4070189
2952258
5420378
762805
81680
2886139
8932211
9167564
4257950
486908
4057327
5003341
1281967
882267
9227504
1346170
7698432
7984223
9126274
9461178
9857667
5906001
1793379
8666528
8775182
5312602
351229
1504762
1412394
3564442
1410306
8325007
6966927
4768815
3110253
2257946
8520441
9339332
1367627
1346957
900466
1777052
6105092
8033919
3700870
4140282
9271919
3188934
4350999
7014570
779515
999616
5941055
200319
1116116
9176999
4697652
849760
9632105
3294070
4647601
1142222
9800299
4151709
8478141
8273957
8755309
4799355
36425
3423076
3532864
7027162
2778987
3589778
9337134
5779899
8007003
4618439
2376486
2709584
6029687
6260893
8387465
5476266
5671291
67373
3091064
1460303
3175345
2230349
5177102
1036036
2435586
5833437
5094620
7027914
1381399
4983015
798729
9439502
4716490
7323624
9410481
5075606
1502596
4158027
9517349
638572
259257
1723908
4505136
3604498
2234861
233085
2341606
5772295
2527719
6199153
3073029
7375734
5195014
5110202
4812043
751095
1199307
1222868
3887355
70875
3075018
1257821
1926607
4082337
457739
5680721
3594080
9483466
232776
5719742
3538663
5788920
4883812
6363990
6952357
5958926
6063162
9954379
9765949
5907286
6442836
1665437
2456161
1903064
8790722
5102747
214995
4454514
9178567
998938
1685727
4124832
4329005
6508184
5524091
6580496
4275840
1394386
2886845
4838814
2162195
4879557
1879511
2769249
8473882
5046862
5522057
8726297
7292202
8123812
3549747
2032274
3186437
3177409
585832
4643218
1514862
3701118
8316786
3444550
3223243
6089124
1968085
3141731
8475993
2568753
4370957
9598991
1907284
3631215
9927263
8550095
1808578
403076
6580421
1844437
3688206
832405
694152
9624967
9086088
8740782
961512
5336845
9172742
1905027
6248477
155398
4650357
5900973
2007082
6409025
9226608
416945
690000
9651432
7452070
4010928
2716251
3943126
7344532
9540744
4724109
2342915
7383875
2205062
530702
9808344
1995508
6270659
1296974
9223435
1035622
1906441
4740757
2621493
5648817
618322
1309757
3525600
914555
1032285
6557365
691130
5193978
7995842
5601760
193912
1878282
3100099
8950956
9184732
1975390
3639803
6967693
1997667
1766577
3401415
3276844
3820981
5076474
2363905
8302207
502109
2105980
3415788
5790846
3172502
66561
2707303
5849863
1894311
1580628
4514491
8616444
7332419
7619423
8926782
5063994
9313251
4682249
653693
6038567
3402746
5315784
4340701
1849264
3712055
5485809
77935
7391730
9152842
8900423
9513019
3113827
420188
6944972
6028649
1190880
5479402
2956925
5623910
7417014
3412020
3571356
9688325
6433733
523543
6308010
2735853
8940983
3509417
9639209
2769929
8946101
4216240
8152453
1656038
3915710
759663
7290250
57182
5685239
4781074
1894500
2024230
9779638
9469428
8194442
8636284
210040
8648426
1759461
2778959
4573649
9555331
6428850
1058574
5922899
9472660
5581576
9573807
905891
3612184
576461
2324417
4100724
8386831
3839313
3544605
1629425
6024974
794651
1748000
8649922
5398867
37194
1975776
2985132
533663
4998614
2065731
4218706
1200781
5119171
5722597
3125668
1138434
6145058
1412504
1114357
6277300
9157215
6514406
372186
2835663
8004538
5979062
961609
3151640
8517116
